4.02,242,23.2,25.4,30,11.52,Bream
4.3056,290,24,26.3,31.2,12.48,Bream
4.6961,340,23.9,26.5,31.1,12.3778,Bream
4.4555,363,26.3,29,33.5,12.73,Bream
5.134,430,26.5,29,34,12.444,Bream
4.9274,450,26.8,29.7,34.7,13.6024,Bream
5.2785,500,26.8,29.7,34.5,14.1795,Bream
4.69,390,27.6,30,35,12.67,Bream
4.8438,450,27.6,30,35.1,14.0049,Bream
4.9594,500,28.5,30.7,36.2,14.2266,Bream
5.1042,475,28.4,31,36.2,14.2628,Bream
4.8146,500,28.7,31,36.2,14.3714,Bream
4.368,500,29.1,31.5,36.4,13.7592,Bream
5.0728,340,29.5,32,37.3,13.9129,Bream
5.1708,600,29.4,32,37.2,14.9544,Bream
5.58,600,29.4,32,37.2,15.438,Bream
5.2854,700,30.4,33,38.3,14.8604,Bream
5.1975,700,30.4,33,38.5,14.938,Bream
5.1338,610,30.9,33.5,38.6,15.633,Bream
5.7276,650,31,33.5,38.7,14.4738,Bream
5.5695,575,31.3,34,39.5,15.1285,Bream
5.3704,685,31.4,34,39.2,15.9936,Bream
5.2801,620,31.5,34.5,39.7,15.5227,Bream
6.1306,680,31.8,35,40.6,15.4686,Bream
5.589,700,31.9,35,40.5,16.2405,Bream
6.0532,725,31.8,35,40.9,16.36,Bream
6.09,720,32,35,40.6,16.3618,Bream
5.8515,714,32.7,36,41.5,16.517,Bream
6.1984,850,32.8,36,41.6,16.8896,Bream
6.603,1000,33.5,37,42.6,18.957,Bream
6.3063,920,35,38.5,44.1,18.0369,Bream
6.292,955,35,38.5,44,18.084,Bream
6.7497,925,36.2,39.5,45.3,18.7542,Bream
6.7473,975,37.4,41,45.9,18.6354,Bream
6.3705,950,38,41,46.5,17.6235,Bream
2.268,40,12.9,14.1,16.2,4.1472,Roach
2.8217,69,16.5,18.2,20.3,5.2983,Roach
2.9044,78,17.5,18.8,21.2,5.5756,Roach
3.1746,87,18.2,19.8,22.2,5.6166,Roach
3.5742,120,18.6,20,22.2,6.216,Roach
3.3516,0,19,20.5,22.8,6.4752,Roach
3.3957,110,19.1,20.8,23.1,6.1677,Roach
3.2943,120,19.4,21,23.7,6.1146,Roach
3.7544,150,20.4,22,24.7,5.8045,Roach
3.5478,145,20.5,22,24.3,6.6339,Roach
3.8203,160,20.5,22.5,25.3,7.0334,Roach
3.325,140,21,22.5,25,6.55,Roach
3.8,160,21.1,22.5,25,6.4,Roach
3.8352,169,22,24,27.2,7.5344,Roach
3.6312,161,22,23.4,26.7,6.9153,Roach
4.1272,200,22.1,23.5,26.8,7.3968,Roach
3.906,180,23.6,25.2,27.9,7.0866,Roach
4.4968,290,24,26,29.2,8.8768,Roach
4.7736,272,25,27,30.6,8.568,Roach
5.355,390,29.5,31.7,35,9.485,Roach
1.408,5.9,7.5,8.4,8.8,2.112,Perch
1.9992,32,12.5,13.7,14.7,3.528,Perch
2.432,40,13.8,15,16,3.824,Perch
2.6316,51.5,15,16.2,17.2,4.5924,Perch
2.9415,70,15.7,17.4,18.5,4.588,Perch
3.3216,100,16.2,18,19.2,5.2224,Perch
3.1234,78,16.8,18.7,19.4,5.1992,Perch
3.0502,80,17.2,19,20.2,5.6358,Perch
3.0368,85,17.8,19.6,20.8,5.1376,Perch
2.772,85,18.2,20,21,5.082,Perch
3.555,110,19,21,22.5,5.6925,Perch
3.3075,115,19,21,22.5,5.9175,Perch
3.6675,125,19,21,22.5,5.6925,Perch
3.534,130,19.3,21.3,22.8,6.384,Perch
3.4075,120,20,22,23.5,6.11,Perch
3.525,120,20,22,23.5,5.64,Perch
3.525,130,20,22,23.5,6.11,Perch
3.525,135,20,22,23.5,5.875,Perch
3.995,110,20,22,23.5,5.5225,Perch
3.624,130,20.5,22.5,24,5.856,Perch
3.624,150,20.5,22.5,24,6.792,Perch
3.63,145,20.7,22.7,24.2,5.9532,Perch
3.626,150,21,23,24.5,5.2185,Perch
3.725,170,21.5,23.5,25,6.275,Perch
3.723,225,22,24,25.5,7.293,Perch
3.825,145,22,24,25.5,6.375,Perch
4.1658,188,22.6,24.6,26.2,6.7334,Perch
3.6835,180,23,25,26.5,6.4395,Perch
4.239,197,23.5,25.6,27,6.561,Perch
4.144,218,25,26.5,28,7.168,Perch
5.1373,300,25.2,27.3,28.7,8.323,Perch
4.335,260,25.4,27.5,28.9,7.1672,Perch
4.335,265,25.4,27.5,28.9,7.0516,Perch
4.5662,250,25.4,27.5,28.9,7.2828,Perch
4.2042,250,25.9,28,29.4,7.8204,Perch
4.6354,300,26.9,28.7,30.1,7.5852,Perch
4.7716,320,27.8,30,31.6,7.6156,Perch
6.018,514,30.5,32.8,34,10.03,Perch
6.3875,556,32,34.5,36.5,10.2565,Perch
7.7957,840,32.5,35,37.3,11.4884,Perch
6.864,685,34,36.5,39,10.881,Perch
6.7408,700,34,36,38.3,10.6091,Perch
6.2646,700,34.5,37,39.4,10.835,Perch
6.3666,690,34.6,37,39.3,10.5717,Perch
7.4934,900,36.5,39,41.4,11.1366,Perch
6.003,650,36.5,39,41.4,11.1366,Perch
7.3514,820,36.6,39,41.3,12.4313,Perch
7.1064,850,36.9,40,42.3,11.9286,Perch
7.225,900,37,40,42.5,11.73,Perch
7.4624,1015,37,40,42.4,12.3808,Perch
6.63,820,37.1,40,42.5,11.135,Perch
6.8684,1100,39,42,44.6,12.8002,Perch
7.2772,1000,39.8,43,45.2,11.9328,Perch
7.4165,1100,40.1,43,45.5,12.5125,Perch
8.142,1000,40.2,43.5,46,12.604,Perch
7.5958,1000,41.1,44,46.6,12.4888,Perch